~o <VecSize> 39 <MFCC_0_D_A_Z>
~h "proto"

<BeginHMM>
	<NumStates> 5
	<State> 2
		<Mean> 39
			0.0 0.0 0.0 0.0 0.0 0.0 0.0 0.0 0.0 0.0 
			0.0 0.0 0.0 0.0 0.0 0.0 0.0 0.0 0.0 0.0 
			0.0 0.0 0.0 0.0 0.0 0.0 0.0 0.0 0.0 0.0 
			0.0 0.0 0.0 0.0 0.0 0.0 0.0 0.0 0.0
		<Variance> 39
			1.0 1.0 1.0 1.0 1.0 1.0 1.0 1.0 1.0 1.0 1.0 1.0 1.0 1.0 1.0 1.0 1.0 1.0 1.0 1.0 1.0 1.0 1.0 1.0 1.0 1.0 1.0 1.0 1.0 1.0 1.0 1.0 1.0 1.0 1.0 1.0 1.0 1.0 1.0 
	<State> 3
		<Mean> 39
			0.0 0.0 0.0 0.0 0.0 0.0 0.0 0.0 0.0 0.0 0.0 0.0 0.0 0.0 0.0 0.0 0.0 0.0 0.0 0.0 0.0 0.0 0.0 0.0 0.0 0.0 0.0 0.0 0.0 0.0 0.0 0.0 0.0 0.0 0.0 0.0 0.0 0.0 0.0
		<Variance> 39
			1.0 1.0 1.0 1.0 1.0 1.0 1.0 1.0 1.0 1.0 1.0 1.0 1.0 1.0 1.0 1.0 1.0 1.0 1.0 1.0 1.0 1.0 1.0 1.0 1.0 1.0 1.0 1.0 1.0 1.0 1.0 1.0 1.0 1.0 1.0 1.0 1.0 1.0 1.0 
	<State> 4
		<Mean> 39
			0.0 0.0 0.0 0.0 0.0 0.0 0.0 0.0 0.0 0.0 0.0 0.0 0.0 0.0 0.0 0.0 0.0 0.0 0.0 0.0 0.0 0.0 0.0 0.0 0.0 0.0 0.0 0.0 0.0 0.0 0.0 0.0 0.0 0.0 0.0 0.0 0.0 0.0 0.0
		<Variance> 39
			1.0 1.0 1.0 1.0 1.0 1.0 1.0 1.0 1.0 1.0 1.0 1.0 1.0 1.0 1.0 1.0 1.0 1.0 1.0 1.0 1.0 1.0 1.0 1.0 1.0 1.0 1.0 1.0 1.0 1.0 1.0 1.0 1.0 1.0 1.0 1.0 1.0 1.0 1.0 
	<TransP> 5
		0.0 1.0 0.0 0.0 0.0
		0.0 0.6 0.4 0.0 0.0
		0.0 0.0 0.6 0.4 0.0
		0.0 0.0 0.0 0.7 0.3
		0.0 0.0 0.0 0.0 0.0
<EndHMM>

